4.237042665481567383e-01
2.393836379051208496e-01
-3.110947012901306152e-01
3.044242262840270996e-01
2.811056375503540039e-02
1.507214903831481934e-01
-2.249868869781494141e+00
-4.062717914581298828e+00
-1.439608931541442871e-01
4.008822917938232422e+00
2.070111274719238281e+00
4.075194597244262695e-01
-3.881627321243286133e-02
3.064477443695068359e-01
1.560724973678588867e-01
-3.352705836296081543e-01
1.280449628829956055e-01
1.448219418525695801e-01
4.641038179397583008e-01
-5.143827199935913086e-02
-3.050184249877929688e-01
-1.820796251296997070e+00
-4.212590694427490234e+00
-3.784324526786804199e-01
3.963948726654052734e+00
2.102128505706787109e+00
-2.623487114906311035e-01
-4.427204132080078125e-01
4.901866316795349121e-01
4.514631628990173340e-01
